1049601 196649
1049667 131090
3 372
4 1
5 169
1048584 14
1048585 15
1048586 28
1048663 65553
1048685 50
1048589 28
1049616 196641
1048664 65581
1049618 196640
19 72
20 80
21 75
22 77
23 353
24 304
25 302
26 350
27 212
1048662 65583
1048666 65580
1049630 196644
1049631 196642
1048608 57
1048609 65538
1048610 65576
1049635 196626
1048612 65541
1048613 65542
1048614 65544
1048615 40
1048616 65546
1048617 65547
1048618 65545
1048619 65549
1048620 51
1048621 12
1048622 52
1048623 131158
1048624 11
1048625 2
1048626 3
1048627 4
1048628 5
1048629 6
1048630 7
1048631 8
1048632 9
57 56
58 100
59 42
60 54
61 15
62 57
1049663 131106
64 150
65 155
66 28
67 14
1048644 65568
1048645 65554
1048646 65569
1048673 30
1048648 65571
1048649 65559
1048650 65572
1048651 65573
1048652 65574
1048674 48
1048654 65585
79 226
1048656 65561
1048657 65552
82 127
1048659 65567
84 217
85 290
86 128
87 281
88 272
89 280
90 208
1048667 26
92 73
93 81
1048596 70
1048677 18
96 304
97 305
98 306
99 307
100 308
101 309
102 310
103 311
104 312
105 313
106 317
107 318
108 315
109 314
110 316
111 1
112 83
113 29
114 97
115 58
116 70
117 347
118 348
1048695 17
120 84
121 326
122 327
123 335
124 338
125 159
126 207
127 201
128 381
129 108
130 305
131 59
132 60
133 61
134 62
135 63
136 64
137 65
138 66
139 67
140 68
141 87
142 88
143 69
1049624 196656
1048683 37
1048686 49
1048696 45
155 55
1049621 196628
1049626 196627
1048688 25
1048603 1
164 288
166 402
167 403
1049633 196654
1049628 196655
170 377
172 362
173 366
174 156
1049629 196629
1048684 38
1048691 31
1049617 196659
1048692 20
1049622 196647
188 256
189 257
190 258
191 259
192 260
193 261
194 262
195 263
196 264
197 265
198 266
199 267
200 268
201 269
202 270
203 271
1049634 196657
207 429
208 397
209 171
210 140
1049657 131088
1048697 21
1049623 196633
1049636 196638
220 224
221 225
1049637 196634
1048699 65562
1049638 196625
1048700 196694
1049639 196653
1048669 27
1048701 65563
1049640 196631
1049658 131091
1048702 65577
1049641 196632
1049642 196635
1049643 196639
1049644 196658
1048687 24
1048670 65543
1049645 196648
1049659 131109
1049625 196624
1049646 196660
1057046 65540
1049647 196652
1048680 35
1049648 131105
1049649 131123
1048671 65548
1049650 131104
1049677 131112
1049660 131119
1049651 131094
1049652 131110
1049653 131092
1049654 131111
1048689 16
1048672 41
1049655 131097
1048597 183
1049661 131093
1049627 196645
1049656 131120
1048633 10
1048634 65575
1048635 39
1048690 19
1048636 65587
1049679 131116
1049662 131108
1048637 13
1048638 65588
1048639 65589
1048640 65539
1048641 65566
1049619 196630
1048642 65584
1048668 43
1048682 36
1049668 131102
1049669 131098
1048675 46
1049670 131089
1049681 131113
1049664 131107
1048698 44
1048647 65570
1048665 65557
1049672 131095
1048681 23
1049673 131096
1049674 131099
1048693 22
1048676 32
1049675 131103
1049665 131118
1049676 131122
1048653 65586
1049678 131124
1049671 131117
1048655 65560
1049620 196646
1048694 47
1048643 65582
1049666 131121
1048742 196694
1049632 196643
1048658 65555
1048679 34
1048660 65556
1048678 33
1048661 65558
